9
1
0 1 4 1
0 7 8 1
1 0 4 1
1 2 8 1
1 7 11 1
2 1 8 1
2 3 7 1
2 5 4 1
2 8 2 1
3 2 7 1
3 4 9 1
3 5 14 1
4 3 9 1
4 5 10 1
5 2 4 1
5 3 14 1
5 4 10 1
5 6 2 1
6 5 2 1
6 7 1 1
6 8 6 1
7 0 8 1
7 1 11 1
7 6 1 1
7 8 7 1
8 2 2 1
8 6 6 1
8 7 7 
4


Vertex           Distance from Source   Previous Vertex

0                0                      -1
1                4                      0
2                12                     1
3                19                     2
4                21                     5
5                11                     6
6                9                      7
7                8                      0
8                14                     2


5
1
0 1 6 1
0 3 1 1
1 0 6 1
1 3 2 1
1 4 2 1
1 2 5 1
2 1 5 1
2 4 5 1
3 0 1 1
3 1 2 1
3 4 1 1
4 1 2 1
4 2 5 1
4 3 1 
4

Vertex           Distance from Source   Previous Vertex

0                0                      -1
1                3                      3
2                7                      4
3                1                      0
4                2                      3


4
1
0 1 8
1
0 2 1 
1
2 1 2
4
0
